1:2792,3718,4824,2721,841,2110;
2:1623,1611,900,709,51,3338;
3:33,1266,385,1390,4421,2963;
4:507,3361,3772,56,994,4938;
5:4953,2602,1064,216,4428,3819;
6:2477,4203,324,4208,2420,4184;
7:3227,3508,4363,1640,1061,2411;
8:2097,82,52,2239,1836,3585;
9:3742,4930,4873,515,1379,1296;
10:92,866,2129,1628,2078,2382;
11:2020,2491,1231,4573,1594,1654;
12:4658,4799,2562,2404,4582,2865;
13:1030,2293,2505,3134,1407,1766;
14:2191,719,2644,3942,34,1067;
15:3071,1452,3248,874,2822,2594;
16:3877,4309,441,3637,2474,2575;
17:2504,3002,3839,1885,1924,4455;
18:2781,2875,679,4469,1405,4175;
19:3848,4720,1881,4183,2273,654;
20:3388,4052,2258,4672,365,1925;
21:3009,3759,10,4174,1466,247;
22:1103,29,854,3457,4834,246;
23:2860,975,3423,400,2602,3722;
24:2055,4962,3420,3750,259,647;
25:3470,4298,3666,2497,4427,4427;
26:1416,2142,2041,2271,603,1888;
27:1529,4767,4526,359,4984,2509;
28:308,4560,1162,1967,658,281;
29:2136,2013,624,2490,4006,3653;
30:3651,3052,81,4981,3887,3951;
31:4604,2652,159,4601,2292,1;
32:4265,252,1649,1684,2635,3819;
33:3880,2727,2629,4385,290,1594;
34:3200,1324,856,3030,2103,4049;
35:3749,45,1840,2283,2968,1505;
36:2771,730,3954,4580,4084,927;
37:4238,192,1348,733,4447,3560;
38:402,4718,123,2492,1217,3213;
39:2700,4571,3904,3687,1190,3664;
40:3527,4633,2346,4564,435,3367;
41:2720,2157,1968,1567,4253,4748;
42:2712,970,3725,1449,2423,678;
43:4106,2731,3969,2533,4740,4115;
44:3069,1311,2052,4966,1524,2721;
45:1158,3347,4129,3647,1343,4966;
46:2838,345,3534,1641,4195,2601;
47:1093,2527,945,1012,410,314;
48:4981,3003,3187,3703,942,4795;
49:3111,2143,1075,1408,1897,815;
50:4625,4191,3511,2469,2655,4277;
51:3130,11,1124,2265,1987,4749;
52:79,1564,1930,4940,4744,3227;
53:1102,4880,3293,4645,605,3885;
54:2407,206,2063,4807,1109,3486;
55:776,3929,3430,1172,3401,2340;
56:2050,4601,968,9,3461,4554;
57:2937,4153,1671,3031,2196,3034;
58:1557,1278,2876,273,3033,1786;
59:4591,3371,1106,3119,3933,997;
60:135,3931,4931,4696,744,4456;
61:4615,1870,1637,4325,1440,4256;
62:687,4950,813,3469,32,2844;
63:1115,3901,3435,4220,4548,15;
64:724,1539,856,3649,4862,3249;
65:2561,208,659,4719,3597,3726;
66:1865,2490,2018,4032,2832,3795;
67:370,1108,4078,196,3647,4367;
68:1849,2089,367,2157,1747,1438;
69:539,1220,3701,543,4276,2961;
70:2322,4208,3614,2499,4140,4453;
71:439,4184,3559,4419,757,2493;
72:750,1998,4269,3690,874,1256;
73:4840,2441,480,614,3612,752;
74:1363,3788,2561,1055,4171,3814;
75:4396,2993,915,20,1942,3469;
76:995,2658,3388,2396,257,3755;
77:1400,561,450,1755,3154,502;
78:1327,3317,2187,1686,2140,1426;
79:4065,2345,1676,3213,3405,3428;
80:1767,4413,487,909,3671,906;
